Hidden layer weights:

0.38178785 -0.47505772  0.02680169 -0.30318985  0.31792846 -0.48379795
0.08514142  0.10809276 -0.33527084 -0.07544185
 
-0.47746158 -0.30763051  0.03379127 -0.4858407  -0.27421422 -0.24464435
-0.13243357 -0.39699967  0.41861772  0.19700515
 
-0.28264385 -0.23404426 -0.14918308 -0.1016184   0.3512622  -0.19222245
-0.02101426 -0.02960599 -0.25395609 -0.36261422

Hidden layer bias:

0.46290806
0.02095761
0.40135331

Output layer weights:

 0.01829284  0.06753659 -0.20341729

 0.43192303 -0.07400964  0.41823186
 
 0.39913427 -0.25845277  0.08443421

-0.02096727 -0.30702313  0.39118161

-0.24937021 -0.15933991  0.1040668 

 0.02430146  0.28448407 -0.29116424

-0.17498211  0.39627553 -0.32758892

 0.37936231 -0.25603512 -0.39647466

 0.1297416  -0.05717154  0.2268649 

 0.36720133 -0.25968093  0.17831632

Output layer bias:
 
  0.49476243
 -0.29969039
  0.49587625
 -0.04001063
  0.47307853
 -0.01963715
 -0.23395569
 -0.11290397
  0.3872563 
 -0.21803582