Hidden layer weights:

4.39959682  1.12539288 -0.84620361 -4.79586888 -3.22311509 -4.78263679
1.17063419  5.00467074 -4.0551651   4.57617258
 
-0.37732114 -2.02455332 -4.45445018 -5.21671738  0.27385997  0.57455211
5.40396573 -5.70868709  5.37294063  4.39349716

-5.82943182  5.66900449 -4.33436719  0.43764225  5.52213637 -4.9548508
-2.6562292  -0.16001351  0.43598737  4.03540495

Hidden layer bias:

-0.21060817
-0.07214543
-0.15772338

Output layer weights:

 9.45699111  -3.65411685  -16.43438243

 3.01779768  -8.34839831   12.57425675

-2.96583661  -10.71350135 -11.78190819

-10.98761386 -14.09002761   5.22319025

-8.15536198   0.11699805   12.70985672

-10.28639116  5.01483622  -13.06785426

 3.17336349   11.33653348  -7.85691468

 9.32133278  -16.1970839   -2.02672399

-7.98475652   12.8998776    1.30739652

 5.18637833   5.9160759     5.56604865

Output layer bias:

-5.35321858
-11.14294004
  3.61152047
 -0.16838636
-10.04326497
 -0.4117501 
-10.44890771
 -5.80675186
-10.94068392
-13.30982004